w(0,0,0,0)
w(1,0,0,0)
w(2,0,0,0)
w(3,0,0,0)
w(4,0,0,0)
w(5,0,0,0)
w(6,0,0,0)
w(7,0,0,0)
w(8,0,0,0)
w(9,0,0,0)
w(10,0,0,0)
w(11,0,0,0)
w(12,0,0,0)
w(13,0,0,0)
w(14,0,0,0)
w(15,0,0,0)
w(16,0,0,0)
w(17,0,0,0)
w(18,0,0,0)
w(19,0,0,0)
r(15,0,1,1)
r(10,0,1,1)
r(0,0,1,1)
w(18,1,1,1)
w(7,1,1,1)
r(3,0,1,1)
r(13,0,1,1)
r(9,0,1,1)
w(16,1,1,1)
r(8,0,1,1)
r(5,0,1,2)
r(3,0,1,2)
r(2,26,1,2)
r(17,0,1,2)
w(7,2,1,2)
r(16,1,1,2)
r(18,32,1,2)
w(6,1,1,2)
r(15,0,1,2)
r(10,0,1,2)
r(5,24,1,3)
r(3,0,1,3)
r(16,26,1,3)
r(18,32,1,3)
r(8,0,1,3)
r(0,0,1,3)
r(12,0,1,3)
r(1,26,1,3)
r(7,2,1,3)
r(19,19,1,3)
w(3,1,1,4)
r(7,2,1,4)
r(13,20,1,4)
w(5,1,1,4)
r(15,0,1,4)
w(14,1,1,4)
w(17,1,1,4)
w(10,1,1,4)
w(4,1,1,4)
w(11,1,1,4)
r(9,28,1,5)
r(2,27,1,5)
r(10,1,1,5)
r(6,1,1,5)
w(11,2,1,5)
r(0,28,1,5)
w(15,1,1,5)
r(18,33,1,5)
w(16,2,1,5)
r(4,1,1,5)
w(19,1,1,6)
w(13,1,1,6)
w(3,2,1,6)
w(18,2,1,6)
r(17,1,1,6)
w(0,1,1,6)
w(10,2,1,6)
r(2,27,1,6)
r(9,28,1,6)
w(15,2,1,6)
w(7,3,1,7)
r(14,1,1,7)
r(6,1,1,7)
r(13,21,1,7)
w(16,3,1,7)
w(15,3,1,7)
w(0,2,1,7)
r(5,1,1,7)
w(9,1,1,7)
w(12,1,1,7)
r(15,2,1,8)
w(10,3,1,8)
r(17,28,1,8)
r(6,33,1,8)
w(18,3,1,8)
w(8,1,1,8)
r(11,24,1,8)
w(0,3,1,8)
r(19,1,1,8)
w(1,1,1,8)
w(9,2,1,9)
r(1,29,1,9)
r(2,29,1,9)
w(7,4,1,9)
r(0,30,1,9)
w(6,2,1,9)
r(15,2,1,9)
w(18,4,1,9)
r(17,28,1,9)
w(3,3,1,9)
w(2,1,1,10)
w(19,2,1,10)
r(18,4,1,10)
w(16,4,1,10)
r(13,22,1,10)
r(1,29,1,10)
r(10,26,1,10)
w(4,2,1,10)
w(3,4,1,10)
w(9,3,1,10)
w(4,28,2,11)
r(3,0,2,11)
r(17,0,2,11)
r(6,0,2,11)
r(10,0,2,11)
r(11,0,2,11)
w(19,19,2,11)
w(2,25,2,11)
r(15,0,2,11)
r(5,0,2,11)
w(6,32,2,12)
w(7,29,2,12)
r(8,0,2,12)
r(16,1,2,12)
w(2,26,2,12)
w(9,27,2,12)
r(4,28,2,12)
r(11,0,2,12)
w(18,32,2,12)
r(10,0,2,12)
w(2,27,2,13)
w(1,26,2,13)
w(11,22,2,13)
w(5,24,2,13)
r(17,0,2,13)
w(4,29,2,13)
w(10,25,2,13)
w(9,28,2,13)
r(6,32,2,13)
w(16,26,2,13)
r(19,19,2,14)
r(5,24,2,14)
w(4,30,2,14)
r(10,25,2,14)
r(6,1,2,14)
w(16,27,2,14)
r(1,26,2,14)
r(9,28,2,14)
r(12,0,2,14)
w(11,23,2,14)
w(18,33,2,15)
r(10,25,2,15)
r(11,23,2,15)
w(12,26,2,15)
w(14,26,2,15)
w(17,27,2,15)
w(0,28,2,15)
r(19,19,2,15)
w(13,20,2,15)
w(1,27,2,15)
r(7,2,2,16)
w(18,34,2,16)
w(10,26,2,16)
w(1,28,2,16)
w(13,21,2,16)
w(0,29,2,16)
w(2,28,2,16)
r(5,1,2,16)
r(17,1,2,16)
w(12,27,2,16)
r(19,1,2,17)
r(13,21,2,17)
w(2,29,2,17)
r(0,29,2,17)
r(11,2,2,17)
w(1,29,2,17)
w(6,33,2,17)
r(14,1,2,17)
r(3,2,2,17)
r(4,1,2,17)
w(0,30,2,18)
r(18,34,2,18)
r(15,2,2,18)
w(17,28,2,18)
r(12,27,2,18)
r(16,2,2,18)
w(14,27,2,18)
r(19,1,2,18)
w(8,20,2,18)
w(11,24,2,18)
w(5,25,2,19)
w(11,25,2,19)
r(14,27,2,19)
r(6,33,2,19)
w(12,28,2,19)
w(13,22,2,19)
r(8,20,2,19)
r(18,34,2,19)
w(19,20,2,19)
w(16,28,2,19)
w(12,29,2,20)
w(17,29,2,20)
w(8,21,2,20)
r(3,4,2,20)
r(0,30,2,20)
r(16,4,2,20)
w(11,26,2,20)
r(1,29,2,20)
w(19,21,2,20)
w(9,29,2,20)
